Servers,Server-Info,Front-Nodes,Controller-Nodes,Network-Nodes,Computer-Nodes,Network-Conf,Auth,Storage,Other
101,102,103,104,105,106,107,108,109,110
101,102,103,104,105,106,107,108,109,110
101,102,103,104,105,106,107,108,109,110
101,102,103,104,105,106,107,108,109,110
101,102,103,104,105,106,107,108,109,110
101,102,103,104,105,106,107,108,109,110
101,102,103,104,105,106,107,108,109,110
101,102,103,104,105,106,107,108,109,110
101,102,103,104,105,106,107,108,109,110
101,102,103,104,105,106,107,108,109,110
101,102,103,104,105,106,107,108,109,110
101,102,103,104,105,106,107,108,109,110
101,102,103,104,105,106,107,108,109,110
101,102,103,104,105,106,107,108,109,110
101,102,103,104,105,106,107,108,109,110
101,102,103,104,105,106,107,108,109,110
101,102,103,104,105,106,107,108,109,110
101,102,103,104,105,106,107,108,109,110
101,102,103,104,105,106,107,108,109,110
101,102,103,104,105,106,107,108,109,110
101,102,103,104,105,106,107,108,109,110
101,102,103,104,105,106,107,108,109,110
101,102,103,104,105,106,107,108,109,110
101,102,103,104,105,106,107,108,109,110
101,102,103,104,105,106,107,108,109,110
101,102,103,104,105,106,107,108,109,110
101,102,103,104,105,106,107,108,109,110
101,102,103,104,105,106,107,108,109,110
101,102,103,104,105,106,107,108,109,110
101,102,103,104,105,106,107,108,109,110
101,102,103,104,105,106,107,108,109,110
101,102,103,104,105,106,107,108,109,110
101,102,103,104,105,106,107,108,109,110
101,102,103,104,105,106,107,108,109,110
101,102,103,104,105,106,107,108,109,110
101,102,103,104,105,106,107,108,109,110
101,102,103,104,105,106,107,108,109,110
101,102,103,104,105,106,107,108,109,110
102,103,103,104,105,106,107,108,109,110
102,103,103,104,105,106,108,108,109,110
102,103,103,104,105,106,109,108,109,110
